2
11
18
27
29
32
35
37
41
49
54
58
60
62
63
64
66
69
72
73
75
77
78
84
85
94
98
99
100
105
115
121
122
128
131
134
135
136
138
142
143
144
146
152
153
154
155
158
159
160
161
166
167
168
170
171
176
180
181
183
185
186
187
192
194
198
207
208
209
219
220
222
226
228
231
232
233
234
235
236
240
241
247
251
259
260
264
267
268
277
278
279
281
284
286
293
299
300
301
302
303
304
305
307
310
311
314
318
319
320
322
324
325
326
327
328
334
335
338
340
341
342
343
344
350
353
354
355
356
357
360
363
365
367
368
369
371
372
373
379
381
382
385
390
391
392
398
400
401
403
405
406
408
409
410
411
412
413
416
422
423
424
426
427
428
429
431
438
440
441
446
447
448
449
452
455
459
460
462
465
468
469
471
473
478
479
481
483
484
485
487
493
497
500
501
503
504
505
506
508
511
512
513
515
517
518
519
524
528
529
531
532
533
536
537
538
539
540
541
542
543
544
547
548
555
556
557
558
560
562
563
564
566
567
569
571
574
575
576
579
580
584
585
591
592
593
594
597
601
602
603
604
605
607
613
614
615
617
618
619
620
621
623
626
627
628
631
632
634
637
638
639
640
641
643
648
649
650
651
657
658
659
661
664
666
667
670
671
672
673
674
678
683
684
686
692
693
694
697
698
701
702
703
707
708
709
722
723
728
729
730
732
734
735
736
743
744
753
757
759
764
770
771
777
778
780
781
784
787
788
791
794
795
800
801
802
803
804
805
811
812
813
814
815
817
819
820
822
823
824
832
833
834
841
843
845
847
850
851
852
853
854
855
856
857
862
866
868
869
870
874
877
884
885
886
887
892
895
896
899
901
903
904
906
909
915
916
918
919
922
923
925
926
927
928
931
935
936
937
938
940
944
945
948
949
950
955
956
958
959
961
962
974
976
977
978
981
982
983
985
987
992
994
995
1000
1001
1003
1004
1005
1006
1007
1009
1011
1013
1014
1019
1021
1022
1026
1030
1031
1032
1035
1036
1037
1038
1040
1041
1042
1043
1044
1045
1046
1049
1051
1052
1056
1057
1059
1060
1062
1063
1071
1072
1073
1074
1076
1077
1079
1082
1083
1090
1091
1095
1096
1098
1099
1101
1102
1105
1107
1108
1112
1113
1115
1117
1121
1122
1123
1124
1128
1129
1130
1131
1132
1137
1140
1142
1146
1147
1148
1149
1151
1153
1154
1155
1157
1158
1159
1160
1161
1163
1167
1173
1177
1178
1184
1186
1188
1189
1190
1191
1192
1196
1197
1198
1204
1208
1214
1215
1216
1217
1218
1220
1222
1223
1225
1226
1227
1228
1230
1231
1238
1239
1241
1242
1245
1246
1247
1250
1251
1252
1253
1254
1255
1257
1260
1261
1262
1263
1264
1265
1267
1268
1270
1277
1280
1281
1283
1284
1286
1289
1290
1292
1295
1297
1298
1299
1301
1302
1304
1306
1307
1308
1311
1312
1323
1326
1327
1328
1329
1330
1335
1347
1351
1353
1356
1357
1358
1359
1360
1361
1365
1367
1369
1372
1373
1374
1375
1377
1379
1382
1383
1389
1390
1393
1394
1398
1399
1400
1401
1404
1406
1407
1408
1409
1412
1415
1416
1417
1418
1419
1420
1425
1428
1436
1438
1439
1440
1441
1445
1446
1447
1450
1451
1452
1453
1454
1458
1465
1466
1467
1474
1475
1476
1479
1480
1481
1487
1488
1491
1492
1493
1496
1498
1499
1500
1503
1511
1512
1514
1515
1519
1520
1523
1524
1525
1526
1528
1529
1534
1539
1540
1542
1545
1548
1549
1551
1552
1553
1554
1555
1556
1559
1560
1566
1567
1568
1569
1570
1571
1575
1576
1589
1594
1595
1596
1599
1601
1602
1604
1605
1606
1608
1609
1610
1611
1612
1613
1616
1617
1622
1623
1628
1629
1635
1639
1643
1645
1646
1647
1649
1650
1654
1655
1656
1657
1658
1659
1666
1668
1669
1670
1671
1672
1676
1679
1688
1689
1690
1691
1692
1693
1696
1698
1706
1707
1709
1710
1713
1716
1721
1724
1725
1727
1728
1729
1731
1734
1735
1737
1739
1740
1741
1742
1746
1747
1748
1749
1753
1754
1755
1756
1759
1760
1761
1762
1764
1767
1768
1769
1771
1774
1779
1783
1786
1788
1790
1791
1792
1796
1799
1800
1803
1807
1810
1812
1814
1817
1818
1821
1823
1829
1830
1831
1833
1834
1835
1836
1837
1841
1842
1846
1851
1852
1853
1854
1858
1861
1865
1866
1869
1870
1871
1875
1876
1877
1889
1893
1899
1900
1901
1902
1903
1905
1906
1907
1908
1909
1910
1912
1913
1914
1916
1919
1921
1923
1925
1935
1936
1939
1942
1943
1948
1949
1951
1953
1955
1957
1958
1959
1967
1969
1971
1972
1974
1981
1982
1985
1990
1991
1992
1994
1995
1996
2003
2011
2015
2019
2022
2030
2031
2032
2033
2034
2042
2043
2044
2047
2048
2049
2050
2053
2057
2058
2060
2061
2062
2064
2065
2066
2067
2068
2069
2070
2073
2075
2076
2079
2082
2084
2089
2092
2093
2094
2095
2096
2097
2098
2105
2106
2107
2108
2109
2110
2111
2117
2119
2123
2124
2125
2127
2128
2131
2132
2133
2134
2135
2141
2143
2149
2150
2155
2156
2157
2158
2159
2162
2163
2164
2165
2169
2171
2172
2179
2181
2182
2184
2185
2186
2194
2196
2197
2198
2202
2203
2205
2207
2210
2215
2216
2218
2219
2221
2223
2224
2225
2231
2232
2233
2236
2243
2244
2247
2248
2250
2251
2254
2255
2262
2264
2265
2269
2270
2272
2282
2288
2289
2290
2291
2297
2298
2304
2305
2306
2307
2308
2311
2312
2325
2326
2327
2328
2336
2338
2342
2343
2350
2351
2352
2353
2354
2359
2360
2364
2370
2372
2382
2385
2386
2387
2389
2390
2391
2392
2394
2398
2408
2410
2411
2415
2419
2421
2426
2427
2429
2433
2434
2436
2438
2441
2446
2447
2451
2452
2454
2458
2463
2464
2465
2466
2472
2473
2475
2477
2479
2480
2483
2484
2485
2488
2489
2491
2492
2493
2497
2498
2500
2504
2505
2507
2508
2510
2512
2514
2522
2523
2525
2531
2540
2542
2544
2545
2546
2547
2549
2550
2551
2554
2555
2560
2561
2562
2564
2565
2566
2567
2569
2574
2575
2582
2586
2594
2595
2597
2601
2609
2610
2612
2616
2618
2621
2622
2623
2625
2626
2627
2628
2629
2632
2637
2638
2642
2643
2645
2647
2648
2649
2651
2652
2654
2655
2656
2658
2666
2668
2673
2674
2675
2676
2677
2678
2680
2685
2686
2687
2690
2691
2692
2693
2695
2703
2704
2705
2708
2709
2710
2712
2716
2724
2725
2726
2727
2728
2729
2736
2737
2738
2739
2741
2742
2743
2744
2747
2749
2751
2753
2755
2756
2757
2759
2760
2761
2762
2763
2766
2770
2771
2772
2773
2774
2775
2777
2778
2782
2786
2792
2793
2794
2796
2797
2799
2801
2803
2804
2806
2810
2811
2814
2815
2818
2824
2825
2828
2829
2830
2833
2837
2838
2839
2840
2843
2845
2846
2850
2851
2854
2855
2860
2868
2871
2877
2880
2881
2882
2885
2889
2894
2905
2906
2907
2912
2915
2919
2921
2922
2923
2928
2930
2932
2934
2935
2938
2942
2945
2949
2956
2957
2958
2959
2960
2963
2965
2972
2976
2980
2982
2983
2985
2987
2989
2990
2992
2993
3003
3007
3014
3016
3024
3026
3027
3031
3032
3037
3040
3045
3052
3053
3057
3062
3063
3065
3070
3071
3072
3077
3081
3084
3087
3091
3094
3095
3096
3097
3098
3100
3101
3103
3109
3110
3112
3113
3115
3116
3120
3126
3127
3137
3138
3139
3140
3141
3143
3149
3151
3152
3153
3154
3155
3160
3174
3175
3177
3178
3181
3184
3186
3190
3191
3192
3194
3201
3204
3215
3218
3220
3223
3228
3231
3239
3245
3246
3247
3248
3252
3253
3259
3261
3262
3266
3269
3270
3273
3274
3275
3279
3282
3284
3291
3301
3302
3305
3306
3307
3308
3309
3313
3315
3316
3317
3318
3330
3332
3333
3341
3344
3345
3348
3349
3354
3359
3367
3372
3373
3382
3383
3394
3396
3397
3398
3406
3407
3409
3414
3415
3432
3436
3437
3438
3440
3441
3444
3458
3462
3463
3466
3471
3473
3482
3487
3488
3489
3490
3491
3493
3494
3495
3498
3499
3500
3502
3503
3505
3512
3519
3524
3536
3538
3541
3542
3543
3547
3550
3552
3553
3554
3555
3556
3558
3559
3560
3561
3563
3574
3575
3576
3585
3586
3591
3595
3596
3598
3605
3607
3608
3610
3614
3615
3616
3620
3621
3629
3635
3636
3641
3642
3653
3654
3655
3658
3659
3660
3669
3670
3672
3673
3674
3686
3689
3696
3697
3699
3702
3705
3707
3708
3713
3715
3717
3720
3721
3728
3730
3731
3733
3741
3742
3755
3760
3767
3770
3775
3779
3781
3785
3794
3798
3801
3802
3805
3808
3818
3824
3833
3839
3840
3841
3846
3858
3861
3868
3873
3875
3878
3880
3881
3882
3886
3889
3890
3896
3899
3900
3906
3908
3909
3913
3914
3915
3916
3923
3931
3932
3936
3937
3945
3947
3953
3954
3962
3967
3968
3982
3986
3987
3992
3993
3996
3997
4006
4011
4020
4023
4024
4029
4030
4031
4037
4039
4041
4043
4047
4048
4051
4053
4055
4058
4059
4064
4068
4069
4071
4077
4081
4083
4084
4086
4092
4120
4127
4128
4129
4130
4137
4141
4142
4144
4160
4166
4180
4181
4183
4196
4198
4205
4206
4211
4213
4214
4215
4222
4223
4225
4229
4237
4252
4259
4260
4261
4266
4267
4271
4275
4277
4278
4279
4287
4288
4292
4294
4295
4297
4302
4304
4311
4329
4330
4335
4336
4345
4347
4350
4352
4353
4362
4364
4366
4367
4368
4374
4376
4382
4383
4386
4394
4395
4399
4402
4408
4422
4424
4427
4428
4429
4432
4433
4435
4464
4469
4475
4479
4482
4484
4485
4502
4503
4504
4507
4508
4516
4517
4519
4522
4529
4530
4538
4541
4542
4543
4547
4551
4554
4559
4561
4563
4569
4571
4574
4580
4582
4588
4589
4591
4594
4598
4608
4613
4616
4617
4618
4632
4636
4642
4646
4647
4652
4656
4660
4667
4684
4699
4701
4703
4705
4712
4717
4718
4720
4730
4731
4741
4747
4754
4755
4756
4766
4767
4773
4778
4782
4785
4787
4790
4791
4813
4816
4817
4819
4820
4827
4828
4846
4849
4851
4854
4857
4860
4871
4874
4876
4878
4880
4881
4888
4899
4903
4921
4922
4924
4925
4928
4929
4930
4939
4944
4952
4956
4961
4963
4976
4989
4993
4997
5001
5006
5007
5014
5017
5026
5046
5047
5052
5058
5061
5069
5070
5072
5073
5075
5092
5096
5100
5102
5106
5107
5110
5115
5122
5123
5134
5145
5152
5153
5160
5164
5171
5186
5188
5203
5204
5207
5211
5218
5236
5238
5251
5256
5257
5259
5260
5278
5286
5290
5294
5295
5296
5297
5301
5304
5305
5310
5314
5315
5334
5336
5343
5349
5350
5356
5359
5368
5369
5374
5381
5390
5409
5422
5426
5431
5432
5436
5443
5444
5453
5472
5483
5488
5491
5504
5508
5517
5522
5523
5531
5535
5538
5542
5547
5550
5558
5559
5560
5561
5563
5569
5578
5581
5587
5592
5621
5625
5626
5628
5632
5636
5639
5641
5648
5651
5653
5682
5684
5696
5709
5717
5726
5739
5761
5773
5802
5803
5810
5821
5826
5833
5868
5902
5926
5940
5943
5947
5967
5971
5974
5979
5998
6000
6008
6025
6043
6059
6076
6080
6088
6097
6102
6107
6121
6150
6158
6162
6178
6182
6191
6209
6211
6260
6282
6296
6303
6331
6335
6355
6383
6386
6400
6401
6403
6410
6455
6479
6502
6515
6525
6537
6543
6544
6556
6566
6583
6585
6602
6604
6614
6624
6634
6638
6647
6652
6679
6689
6691
6697
6698
6711
6721
6791
6792
6800
6829
6842
6868
6881
6889
6890
6905
6913
6919
6928
6952
6953
6975
6985
6989
7030
7038
7047
7066
7070
7077
7095
7123
7125
7127
7131
7137
7139
7142
7143
7149
7164
7176
7196
7221
7234
7235
7240
7251
7261
7270
7286
7290
7303
7306
7312
7343
7346
7349
7362
7366
7375
7390
7427
7451
7457
7491
7503
7511
7512
7533
7534
7538
7539
7564
7575
7583
7587
7592
7593
7600
7602
7604
7606
7612
7621
7626
7629
7659
7660
7666
7684
7686
7745
7750
7753
7774
7800
7823
7829
7860
7870
7894
7899
7908
7924
7945
7983
7988
8000
8025
8037
8044
8047
8077
8094
8105
8108
8109
8111
8112
8116
8118
8119
8120
8124
8125
8130
8131
8139
8141
8144
8147
8148
8151
8156
8157
8164
8165
8166
8167
8169
8170
8171
8172
8173
8180
8181
8182
8183
8189
8191
8192
8194
8206
8207
8208
8209
8211
8212
8215
8216
8217
8218
8219
8226
8227
8229
8233
8234
8239
8240
8244
8247
8248
8249
8251
8253
8255
8256
8258
8260
8261
8262
8267
8268
8273
8277
8278
8279
8282
8283
8286
8287
8290
8293
8294
8295
8298
8299
8303
8304
8308
8311
8315
8316
8323
8328
8331
8336
8341
8347
8349
8350
8353
8354
8356
8357
8358
8360
8361
8362
8365
8376
8377
8378
8379
8381
8382
8386
8387
8388
8390
8392
8393
8395
8396
8398
8400
8403
8404
8405
8407
8410
8411
8413
8419
8420
8421
8425
8426
8432
8436
8439
8442
8444
8447
8448
8449
8450
8451
8454
8455
8456
8457
8458
8459
8460
8462
8463
8465
8466
8467
8468
8469
8470
8473
8474
8479
8481
8482
8484
8490
8495
8497
8498
8499
8500
8501
8503
8505
8506
8507
8510
8511
8512
8520
8521
8522
8527
8528
8531
8533
8534
8535
8536
8537
8542
8543
8546
8547
8552
8554
8555
8561
8562
8563
8567
8571
8572
8574
8580
8581
8583
8584
8585
8588
8590
8592
8593
8594
8595
8596
8598
8600
8602
8605
8606
8609
8614
8617
8618
8620
8626
8628
8629
8633
8635
8636
8637
8640
8646
8647
8649
8652
8654
8655
8656
8659
8665
8673
8675
8679
8680
8683
8685
8687
8690
8692
8697
8702
8705
8706
8707
8708
8712
8715
8716
8718
8723
8727
8728
8732
8734
8740
8741
8743
8744
8746
8749
8750
8754
8757
8758
8761
8764
8765
8766
8767
8768
8773
8777
8789
8790
8791
8792
8794
8795
8796
8799
8800
8801
8802
8804
8810
8813
8814
8816
8822
8823
8829
8830
8832
8833
8834
8838
8841
8844
8850
8853
8858
8859
8862
8866
8869
8870
8872
8873
8877
8878
8879
8880
8883
8884
8890
8896
8899
8901
8902
8904
8905
8906
8911
8914
8915
8920
8923
8926
8927
8928
8933
8938
8939
8942
8944
8946
8947
8948
8949
8950
8952
8953
8957
8961
8969
8971
8973
8974
8975
8977
8982
8986
8991
8995
8996
9000
9001
9002
9003
9004
9006
9007
9008
9009
9013
9017
9019
9021
9022
9027
9029
9030
9048
9050
9054
9056
9057
9066
9075
9077
9083
9090
9095
9098
9099
9100
9110
9113
9114
9116
9117
9123
9126
9131
9133
9134
9136
9138
9143
9147
9154
9156
9157
9158
9163
9166
9167
9169
9170
9172
9176
9182
9195
9197
9199
9202
9203
9205
9206
9207
9208
9211
9213
9223
9229
9231
9232
9236
9238
9239
9241
9242
9246
9253
9259
9260
9261
9262
9264
9265
9266
9268
9269
9270
9274
9275
9280
9284
9288
9290
9293
9306
9308
9311
9312
9317
9318
9320
9322
9332
9335
9338
9339
9347
9349
9351
9354
9359
9362
9368
9370
9371
9376
9377
9380
9384
9386
9393
9406
9411
9418
9425
9427
9431
9432
9435
9436
9439
9457
9466
9493
9496
9500
9502
9508
9509
9511
9512
9513
9523
9531
9537
9539
9549
9550
9558
9560
9569
9576
9577
9581
9585
9586
9595
9597
9599
9602
9603
9609
9616
9622
9629
9637
9638
9656
9659
9662
9685
9687
9693
9694
9696
9699
9712
9718
9729
9730
9737
9740
9746
9749
9755
9761
9762
9764
9777
9791
9796
9813
9817
9825
9833
9849
9850
9874
9876
9877
9884
9885
9891
9896
9903
9904
9912
9916
9926
9927
9939
9941
9944
9947
9955
9956
9972
9973
9981
9982
9987
9989
10000
10008
10011
10027
10029
10031
10032
10034
10035
10041
10049
10057
10063
10073
10074
10077
10081
10084
10086
10089
10114
10117
10120
10128
10140
10147
10150
10155
10156
10158
10163
10178
10181
10193
10201
10219
10220
10222
10225
10227
10235
10237
10251
10252
10262
10271
10273
10277
10278
10285
10287
10290
10300
10304
10305
10307
10313
10324
10345
10351
10354
10374
10389
10390
10394
10396
10397
10398
10401
10405
10409
10417
10422
10423
10427
10430
10431
10443
10449
10461
10471
10472
10480
10481
10486
10487
10496
10502
10504
10507
10513
10516
10534
10570
10582
10595
10610
10634
10635
10643
10652
10677
10690
10691
10702
10704
10707
10712
10719
10720
10736
10737
10755
10758
10768
10777
10778
10788
10791
10795
10798
10799
10833
10841
10842
10874
10884
10908
10910
10913
10933
10936
10944
10952
10953
10954
10960
10964
10966
10968
10974
10979
10981
10998
11000
11002
11004
11012
11017
11020
11028
11061
11065
11068
11071
11073
11078
11083
11085
11090
11096
11099
11108
11113
11114
11115
11116
11124
11125
11127
11146
11147
11156
11159
11160
11161
11168
11180
11181
11196
11197
11200
11202
11208
11210
11218
11220
11251
11253
11272
11274
11278
11280
11293
11309
11312
11316
11319
11320
11321
11322
11323
11324
11327
11329
11332
11334
11337
11338
11339
11340
11341
11342
11343
11349
11350
11351
11352
11353
11354
11355
11356
11358
11361
11367
11368
11369
11371
11372
11373
11379
11380
11381
11383
11384
11386
11389
11390
11391
11392
11396
11401
11402
11404
11407
11408
11413
11416
11417
11419
11424
11426
11429
11434
11435
11436
11437
11438
11441
11442
11444
11448
11449
11450
11451
11452
11454
11456
11457
11458
11460
11462
11464
11465
11466
11469
11472
11474
11480
11483
11484
11485
11490
11492
11493
11494
11496
11497
11498
11500
11501
11507
11509
11510
11511
11513
11516
11521
11522
11527
11528
11531
11535
11536
11538
11539
11549
11551
11557
11560
11561
11562
11566
11570
11574
11578
11583
11587
11589
11591
11594
11595
11607
11608
11609
11611
11613
11618
11622
11625
11626
11637
11648
11649
11650
11651
11652
11653
11654
11657
11658
11660
11662
11665
11667
11668
11672
11674
11675
11677
11679
11680
11683
11689
11697
11698
11700
11701
11705
11706
11707
11708
11709
11715
11722
11730
11733
11735
11737
11740
11741
11744
11746
11749
11750
11751
11752
11753
11757
11758
11759
11762
11763
11764
11765
11773
11781
11791
11796
11797
11803
11805
11815
11817
11820
11821
11822
11826
11827
11828
11829
11832
11835
11836
11839
11840
11841
11843
11848
11852
11853
11854
11855
11857
11858
11859
11861
11866
11867
11868
11870
11872
11876
11877
11878
11881
11883
11884
11886
11891
11895
11896
11898
11902
11910
11911
11912
11913
11914
11915
11917
11918
11920
11921
11923
11924
11926
11927
11928
11931
11933
11937
11939
11941
11942
11944
11946
11948
11957
11959
11961
11970
11971
11974
11980
11981
11982
11984
11987
11991
11996
11997
11999
12000
12001
12007
12008
12009
12011
12012
12013
12014
12016
12017
12018
12019
12020
12021
12023
12024
12025
12026
12032
12035
12037
12038
12041
12042
12043
12044
12047
12050
12051
12053
12059
12065
12067
12070
12073
12074
12075
12076
12077
12079
12083
12087
12093
12096
12101
12102
12108
12109
12110
12115
12118
12120
12122
12124
12125
12126
12131
12132
12136
12137
12138
12139
12141
12142
12145
12146
12147
12148
12150
12154
12155
12156
12162
12164
12165
12166
12167
12168
12170
12174
12179
12180
12184
12185
12187
12189
12193
12195
12196
12197
12201
12203
12215
12218
12220
12221
12222
12223
12225
12226
12227
12230
12231
12235
12236
12237
12240
12242
12246
12248
12252
12255
12257
12258
12261
12262
12263
12270
12273
12276
12279
12284
12285
12287
12291
12292
12296
12301
12302
12303
12304
12306
12307
12309
12312
12325
12327
12335
12337
12338
12347
12350
12353
12354
12356
12360
12365
12368
12373
12375
12381
12383
12385
12388
12390
12391
12394
12402
12404
12407
12410
12417
12421
12422
12427
12430
12431
12432
12436
12437
12439
12448
12452
12456
12457
12459
12461
12462
12466
12468
12469
12471
12473
12475
12477
12480
12487
12494
12496
12506
12512
12515
12516
12517
12518
12522
12523
12525
12536
12537
12546
12547
12548
12550
12552
12554
12556
12557
12569
12571
12576
12580
12585
12594
12595
12602
12606
12607
12608
12609
12611
12615
12618
12620
12622
12625
12634
12635
12641
12652
12653
12659
12660
12661
12663
12669
12672
12675
12676
12682
12683
12685
12689
12691
12694
12701
12711
12715
12719
12721
12722
12723
12727
12729
12730
12732
12733
12734
12736
12738
12740
12747
12753
12754
12757
12760
12771
12772
12775
12777
12779
12781
12783
12785
12786
12787
12797
12800
12802
12808
12821
12827
12835
12836
12842
12843
12844
12857
12859
12860
12861
12882
12884
12885
12887
12888
12890
12891
12892
12898
12899
12904
12905
12907
12911
12912
12913
12915
12916
12919
12927
12933
12943
12945
12948
12953
12954
12955
12957
12959
12961
12967
12973
12974
12979
12983
12985
12987
12988
12990
12992
12997
12998
13008
13026
13029
13036
13051
13060
13062
13064
13066
13067
13068
13073
13074
13076
13080
13081
13082
13090
13093
13110
13115
13117
13123
13130
13133
13142
13144
13145
13146
13155
13176
13178
13183
13185
13187
13191
13195
13196
13216
13223
13228
13240
13244
13245
13252
13255
13261
13262
13266
13271
13274
13276
13280
13285
13286
13290
13297
13301
13302
13303
13306
13314
13318
13319
13323
13326
13330
13335
13336
13359
13367
13377
13395
13401
13409
13418
13434
13435
13436
13439
13441
13449
13459
13464
13465
13467
13474
13475
13480
13481
13486
13493
13498
13510
13520
13543
13546
13547
13549
13552
13561
13569
13582
13593
13619
13625
13626
13638
13642
13653
13658
13662
13674
13707
13708
13713
13731
13734
13738
13742
13749
13753
13754
13762
13773
13805
13806
13808
13809
13810
13814
13815
13816
13818
13821
13825
13827
13831
13834
13835
13841
13843
13863
13865
13886
13892
13906
13924
13928
13959
13961
13973
13977
13978
14004
14027
14033
14037
14046
14055
14059
14060
14062
14067
14069
14072
14073
14079
14081
14086
14087
14091
14098
14107
14113
14115
14119
14125
14129
14136
14142
14147
14148
14159
14164
14170
14176
14177
14189
14195
14223
14228
14230
14233
14241
14244
14267
14269
14270
14284
14286
14299
14300
14306
14313
14323
14324
14334
14342
14344
14363
14367
14375
14376
14391
14406
14408
14411
14412
14436
14440
14445
14448
14457
14464
14465
14466
14467
14470
14485
14487
14497
14501
14508
14510
14549
14551
14565
14575
14577
14580
14596
14597
14601
14609
14610
14617
14622
14642
14643
14659
14661
14667
14678
14707
14712
14728
14733
14754
14769
14785
14790
14802
14809
14812
14824
14831
14833
14838
14843
14856
14874
14882
14888
14901
14908
14910
14922
14969
14979
14984
15002
15004
15063
15064
15069
15071
15077
15095
15096
15099
15102
15146
15153
15158
15159
15165
15167
15181
15185
15240
15257
15261
15264
15271
15276
15278
15291
15309
15318
15321
15355
15364
15369
15382
15394
15398
15400
15403
15424
15432
15466
15467
15481
15487
15497
15571
15574
15577
15584
15587
15593
15603
15609
15615
15616
15623
15630
15638
15640
15666
15677
15678
15693
15731
15750
15755
15768
15828
15841
15879
15886
15892
15972
15977
16011
16063
16174
16232
16240
16283
16285
16288
16322
16341
16347
16358
16367
16377
16413
16449
16462
16468
16474
16477
16478
16489
16507
16517
16535
16540
16552
16559
16563
16569
16575
16592
16601
16637
16659
16666
16682
16734
16735
16753
16758
16792
16810
16847
16856
16861
16864
16873
16883
16888
16891
16892
16908
16916
16956
17042
17079
17082
17083
17085
17089
17090
17091
17092
17095
17103
17104
17106
17107
17109
17111
17115
17117
17119
17125
17126
17127
17128
17129
17131
17133
17136
17138
17139
17140
17141
17142
17144
17145
17148
17154
17156
17157
17162
17163
17164
17168
17169
17170
17171
17174
17178
17180
17185
17186
17187
17192
17193
17194
17198
17200
17201
17204
17205
17208
17213
17214
17215
17217
17219
17223
17225
17227
17228
17229
17230
17235
17237
17238
17240
17242
17249
17250
17251
17252
17254
17257
17263
17271
17272
17277
17280
17284
17288
17292
17296
17297
17298
17299
17300
17301
17303
17304
17306
17308
17309
17311
17314
17321
17323
17324
17325
17329
17331
17332
17335
17336
17337
17338
17339
17340
17344
17345
17348
17349
17351
17353
17355
17360
17361
17362
17363
17364
17365
17366
17368
17372
17374
17378
17381
17382
17390
17392
17393
17400
17404
17406
17411
17412
17413
17414
17416
17420
17421
17424
17426
17431
17434
17438
17441
17444
17445
17453
17455
17456
17460
17461
17462
17463
17465
17470
17472
17476
17477
17478
17480
17483
17484
17485
17488
17491
17496
17497
17499
17501
17505
17508
17517
17520
17521
17522
17525
17526
17531
17533
17534
17535
17536
17539
17542
17544
17545
17546
17547
17549
17551
17552
17553
17554
17556
17557
17558
17563
17564
17566
17568
17577
17578
17582
17583
17584
17585
17589
17593
17596
17598
17600
17606
17607
17612
17613
17616
17617
17618
17621
17624
17628
17629
17633
17635
17636
17637
17638
17640
17642
17649
17650
17659
17660
17665
17668
17670
17671
17673
17674
17675
17676
17681
17684
17688
17690
17691
17694
17695
17699
17701
17704
17707
17709
17713
17714
17715
17719
17722
17725
17726
17729
17730
17735
17738
17740
17742
17744
17745
17746
17748
17751
17756
17757
17758
17761
17763
17765
17768
17769
17772
17773
17776
17777
17780
17789
17793
17796
17797
17802
17803
17804
17808
17810
17811
17812
17815
17816
17819
17821
17825
17826
17827
17829
17830
17837
17838
17839
17842
17843
17844
17846
17847
17848
17852
17853
17856
17858
17859
17860
17863
17864
17865
17866
17870
17873
17876
17877
17880
17881
17883
17885
17886
17891
17893
17894
17904
17907
17913
17921
17922
17923
17924
17926
17931
17938
17940
17942
17945
17947
17949
17950
17957
17959
17962
17966
17968
17969
17970
17976
17978
17979
17983
17987
17991
17996
17999
18004
18009
18010
18013
18017
18018
18021
18023
18026
18027
18028
18031
18034
18036
18037
18041
18042
18043
18044
18048
18050
18059
18060
18061
18063
18064
18070
18073
18074
18082
18083
18089
18093
18096
18097
18102
18103
18105
18109
18115
18118
18121
18125
18128
18130
18131
18132
18135
18136
18138
18141
18143
18146
18151
18155
18157
18160
18161
18166
18179
18180
18183
18187
18189
18190
18191
18194
18205
18209
18210
18211
18213
18217
18220
18221
18223
18224
18226
18229
18230
18237
18244
18247
18248
18249
18252
18253
18254
18257
18258
18260
18262
18267
18272
18273
18276
18279
18281
18283
18284
18291
18293
18295
18299
18300
18303
18304
18306
18307
18308
18317
18324
18327
18333
18345
18346
18348
18351
18354
18357
18359
18364
18367
18368
18370
18371
18374
18378
18381
18383
18386
18390
18394
18401
18402
18405
18407
18409
18417
18418
18420
18424
18425
18432
18435
18437
18440
18442
18443
18459
18462
18464
18468
18469
18474
18476
18481
18482
18485
18490
18491
18495
18507
18511
18512
18518
18519
18521
18525
18526
18527
18529
18539
18541
18545
18563
18565
18567
18574
18575
18576
18579
18580
18581
18583
18584
18585
18599
18601
18603
18604
18613
18614
18619
18620
18621
18622
18631
18633
18639
18647
18652
18654
18657
18658
18659
18660
18661
18662
18664
18665
18681
18684
18685
18688
18690
18693
18694
18698
18699
18702
18711
18713
18719
18730
18733
18741
18742
18752
18759
18761
18766
18772
18774
18776
18783
18787
18793
18801
18813
18823
18824
18825
18840
18843
18855
18856
18857
18860
18867
18872
18879
18884
18886
18889
18892
18893
18894
18896
18903
18910
18913
18915
18918
18919
18920
18921
18925
18935
18939
18945
18952
18954
18961
18962
18964
18974
18989
18997
19012
19021
19043
19044
19045
19055
19060
19067
19074
19086
19106
19127
19153
19159
19163
19170
19182
19183
19185
19192
19200
19208
19212
19214
19220
19227
19233
19238
19265
19270
19280
19284
19290
19293
19297
19300
19303
19308
19317
19321
19323
19324
19336
19338
19342
19343
19345
19351
19359
19362
19377
19390
19394
19397
19410
19416
19420
19424
19435
19445
19447
19454
19491
19513
19524
19525
19542
19544
19551
19553
19566
19570
19585
19597
19625
19630
19653
19675
19682
19686
19698
19702
19722
19777
19778
19781
19783
19795
19831
19841
19859
19884
19889
19890
19940
19951
19971
19974
19979
19984
19989
20002
20006
20007
20011
20015
20022
20028
20052
20054
20071
20087
20088
20095
20098
20103
20104
20105
20125
20137
20141
20146
20153
20164
20204
20205
20229
20256
20288
20290
20297
20301
20304
20312
20316
20326
20344
20349
20351
20366
20373
20375
20376
20380
20384
20388
20391
20410
20411
20414
20421
20422
20453
20550
20559
20578
20583
20592
20593
20616
20620
20623
20626
20628
20633
20654
20674
20691
20788
20790
20791
20793
20797
20799
20800
20812
20815
20834
20835
20836
20841
20842
20843
20844
20846
20849
20851
20852
20853
20855
20856
20857
20859
20863
20867
20868
20869
20870
20876
20877
20879
20880
20881
20884
20885
20887
20891
20894
20901
20912
20914
20921
20924
20926
20927
20933
20937
20946
20953
20959
20968
20980
20982
20984
20991
21006
21009
21013
21015
21016
21017
21025
21026
21028
21036
21037
21038
21050
21052
21053
21056
21062
21064
21068
21071
21078
21085
21086
21089
21090
21092
21094
21096
21098
21102
21103
21105
21106
21109
21110
21111
21112
21113
21116
21117
21118
21123
21125
21126
21128
21130
21133
21137
21138
21147
21162
21163
21164
21166
21167
21168
21175
21187
21190
21191
21192
21200
21201
21203
21205
21207
21208
21213
21214
21216
21218
21220
21227
21233
21251
21253
21255
21259
21260
21263
21267
21272
21278
21279
21280
21282
21283
21287
21291
21292
21297
21312
21318
21322
21347
21349
21360
21361
21370
21371
21378
21381
21384
21386
21389
21396
21397
21400
21407
21416
21422
21424
21468
21471
21476
21479
21485
21487
21493
21500
21509
21510
21522
21528
21533
21535
21542
21546
21561
21566
21572
21574
21576
21577
21581
21583
21587
21590
21591
21598
21599
21601
21602
21603
21615
21621
21625
21641
21662
21668
21669
21672
21675
21692
21707
21730
21731
21739
21745
21746
21748
21751
21753
21760
21761
21763
21769
21779
21780
21783
21784
21785
21786
21789
21791
21793
21800
21805
21814
21817
21827
21833
21834
21843
21848
21851
21856
21858
21862
21866
21870
21875
21878
21893
21905
21914
21921
21924
21928
21929
21932
21939
21945
21946
21949
21951
21960
21964
21973
21976
21978
21982
21986
21990
21996
21997
21999
22000
22002
22016
22021
22023
22025
22026
22047
22062
22084
22086
22088
22100
22101
22106
22109
22111
22117
22120
22128
22132
22140
22144
22145
22158
22162
22172
22175
22186
22210
22212
22213
22221
22225
22226
22227
22238
22239
22241
22242
22243
22247
22248
22249
22250
22251
22252
22257
22258
22259
22260
22261
22262
22263
22264
22265
22266
22267
22268
22274
22275
